68
31
55
38
44
93
48
86
18
61
44
82
23
14
77
27
59
83
82
57
44
57
79
10
23
20
22
93
94
78
89
57
13
74
82
9
49
6
27
7
26
62
2
77
42
9
55
69
95
80
19
4
71
56
30
12
97
15
2
77
98
20
57
12
63
24
11
19
8
28
39
53
4
44
77
15
57
17
96
38
44
61
85
0
12
2
87
29
85
74
17
21
6
88
90
34
11
45
4
55
73
39
9
94
66
45
87
29
83
43
79
84
83
43
76
48
78
92
26
47
32
27
12
50
59
10
62
71
97
86
100
72
80
30
51
74
14
34
45
76
20
58
32
10
65
7
26
23
75
74
97
84
21
20
77
10
48
2
10
97
51
56
79
19
95
46
51
4
40
21
20
79
79
24
6
49
70
73
22
84
72
2
17
15
55
94
58
38
77
98
51
49
56
27
20
79
98
21
29
34
29
63
3
9
67
90
6
35
53
82
1
49
24
21
9
89
59
48
99
34
50
13
95
19
57
20
71
88
95
65
74
31
42
54
0
97
43
21
13
53
0
84
19
51
31
94
59
76
33
46
1
81
94
14
64
69
36
21
37
99
26
14
67
91
15
86
79
14
20
13
85
66
43
13
11
17
63
5
8
17
33
64
65
13
26
62
83
9
100
10
4
30
50
3
53
0
79
69
54
43
32
39
32
24
56
22
0
46
64
56
21
26
59
19
52
99
13
53
24
10
16
98
82
87
17
81
44
45
24
25
32
11
3
95
32
85
96
95
94
63
94
22
28
87
13
39
6
91
54
25
86
53
17
97
61
69
92
0
33
11
59
23
26
89
48
42
20
18
39
39
58
34
41
76
52
98
81
38
59
99
3
15
8
84
31
55
81
18
58
76
64
13
21
2
75
46
60
72
43
19
66
16
70
59
59
4
75
5
66
72
80
70
46
52
5
53
66
81
11
23
52
70
5
88
88
89
76
84
52
0
47
36
33
29
71
33
5
97
65
8
72
13
2
69
5
88
0
53
45
58
99
71
14
93
94
26
97
30
35
45
12
51
90
71
35
9
52
57
52
79
61
27
12
68
10
31
91
63
45
97
23
44
54
27
17
81
7
25
21
82
47
60
82
67
60
7
64
44
63
5
30
70
17
63
93
91
54
100
5
84
30
22
52
96
91
5
50
75
39
17
75
15
44
49
54
40
95
56
69
11
66
62
72
27
65
66
15
100
77
83
81
76
69
92
8
98
3
72
72
75
89
90
29
40
92
88
38
58
77
58
19
96
8
21
5
84
32
24
15
5
63
96
47
50
48
85
45
75
36
15
88
38
48
65
9
83
22
75
11
53
15
67
68
50
7
13
2
83
83
12
1
43
17
65
7
56
76
46
48
21
92
85
28
14
66
69
27
29
11
78
83
96
76
42
43
15
66
87
80
35
13
68
29
72
72
28
1
52
25
100
31
0
84
69
64
33
83
19
21
97
25
9
13
22
27
58
76
85
19
34
66
35
2
97
12
37
71
20
49
49
13
17
82
1
31
13
16
98
49
35
57
38
11
24
28
78
17
14
94
44
12
42
95
18
0
82
34
57
48
40
27
92
53
34
19
14
24
39
3
73
86
67
14
72
43
10
38
73
21
59
60
74
82
5
15
21
59
71
26
72
58
55
91
77
3
84
18
38
55
45
93
49
25
85
81
45
13
91
28
38
32
81
71
12
52
23
94
33
9
9
30
48
36
9
28
83
49
89
13
81
60
60
53
75
35
98
71
57
26
30
65
73
93
5
52
63
92
87
0
83
93
31
52
31
68
92
81
26
60
73
56
23
97
80
80
55
82
32
11
35
32
8
25
15
32
100
21
15
49
53
44
92
44
12
99
45
15
82
14
98
34
32
34
30
67
62
18
89
65
23
94
75
16
60
98
18
45
9
35
2
65
60
78
98
90
97
48
22
45
6
42
48
80
40
50
10
96
90
54
70
27
24
29
65
97
68
26
20
92
47
83
7
35
55
77
11
74
85
55
73
51
24
72
40
33
25
2
13
30
9
13
2
87
70
4
67
96
43
59
96
3
91
2
28
43
47
1
32
47
53
94
89
34
13
45
26
3
90
17
25
48
83
86
79
65
31
99
69
68
0
82
4
59
85
6
10
0
16
51
11
0
40
24
39
25
32
79
75
62
71
98
40
93
77
32
62
76
24
39
37
64
0
55
54
46
29
0
24
62
27
74
66
23
35
1
15
45
93
53
7
85
55
93
17
25
14
19
41
13
27
